.Random.seed <-
c(403L, 12L, -147023133L, -906265727L, 813915632L, -86539122L, 
-463254535L, -144529013L, 741873082L, -377570116L, 1493225471L, 
-433214123L, -1512223124L, -1709241662L, -1829401315L, -1213824105L, 
803051262L, 93603000L, 1995863707L, 1822135545L, 1175332424L, 
-1420181130L, -2089965391L, 388426979L, 425794482L, -1866890236L, 
1269303111L, 412098077L, 1604039828L, 1541575738L, -992186747L, 
-224751777L, -1589653530L, 215491184L, -987708013L, -839871951L, 
-1161555744L, 1577388414L, -69309431L, -117687237L, -971767286L, 
-1927722516L, -630911377L, -358587995L, 209189212L, -1262361294L, 
-1358980051L, 2113024743L, 1851193358L, -307385880L, -2133595157L, 
-1702816631L, -1649192936L, -1766994106L, 2146471329L, -460143565L, 
-1954297438L, 560901268L, 1690782487L, 2688269L, -307301340L, 
-281828342L, 583973237L, -1356013361L, -1787325482L, -34813056L, 
-137560125L, 16677217L, -500838448L, 2136114990L, -1793713447L, 
-1448412949L, -1152562854L, -281046244L, 1184482847L, -1773887883L, 
1882782476L, 1438758626L, 1267997629L, 535297079L, -1732088098L, 
-1271133672L, -976398981L, 1411534105L, 633491880L, -1336564394L, 
-1704782383L, 1434480003L, 1667609618L, 790052772L, -569665689L, 
-625949507L, 1944892468L, -2128742502L, 1536091109L, -270442625L, 
-980959482L, -473171824L, 846532915L, 27166417L, -1965599616L, 
1308251486L, 586803881L, -1008274085L, 2065753962L, 1050553868L, 
-2034850225L, 1969826565L, -1626969156L, -1714749806L, 1141120397L, 
-1623175737L, 1635135150L, 1800308488L, 1936807179L, 1322656745L, 
1615811768L, -345668762L, 468068353L, 1079752339L, 345213250L, 
-1697356044L, 1123644151L, -634608915L, -1568735868L, -1612631126L, 
-860124907L, -1905130577L, 334879670L, 1367589344L, -1545871069L, 
1097750081L, -1102685904L, 1926884174L, 1701540281L, -259445813L, 
839409786L, 1662845308L, -1383165505L, -1878315371L, -1396009812L, 
-974307710L, -443722147L, 1902983511L, -2085739458L, -2111756168L, 
-1630997669L, -284283207L, 862855944L, 620386742L, -1922472207L, 
1664954659L, 803840882L, -2015163964L, 1964994951L, 650136413L, 
-323812012L, 189556602L, 2128742085L, 530892831L, 616722342L, 
-1194045136L, -1855403053L, 1132466673L, -475334880L, 550027710L, 
-325996087L, -912857733L, 272749386L, 387748780L, -494421329L, 
-2117482395L, -1523406820L, 1028679282L, -309331731L, 1377220903L, 
903308622L, 556230056L, 1504666027L, -2011800887L, -292205864L, 
1214265222L, 762128993L, -1971162125L, -35920286L, -152026924L, 
498633175L, -2105394227L, 499126116L, -473654454L, -1910609227L, 
1559878159L, -1122518250L, 42227136L, 1895007619L, -1845916767L, 
1131811728L, -36843410L, -1008912871L, 1449547435L, -9950566L, 
1135777372L, -2034777249L, 1750400309L, 1378462924L, -1719757278L, 
554707069L, 324522359L, -333136226L, -2140787368L, -217867077L, 
1365090905L, -966866456L, 461335574L, 1452480401L, 1197996099L, 
-621674670L, 1385694180L, 491870759L, -1769786755L, -595924108L, 
-1191786662L, -983514715L, -353641025L, 275971654L, 197840080L, 
2030839539L, 1977901073L, -359004608L, 1662144976L, -1309424286L, 
-1507946520L, -910409780L, 476231420L, -870098446L, -2008280960L, 
-293507852L, -1245901176L, -1936212166L, 1082825552L, -865358228L, 
1200588948L, -138307246L, -547072288L, 1392958156L, -870973280L, 
1996409730L, -1215880472L, -773963028L, 1504193596L, 1013676658L, 
-1270987664L, -2146042332L, -2066621384L, 2121975834L, -1436435760L, 
1263443004L, 1139041428L, -741729150L, 1624432576L, 919613756L, 
1754675856L, -1147128798L, 1591366664L, 402319500L, 8774684L, 
-676495726L, 402736256L, -1546694636L, 2043796776L, -1759338950L, 
-1107325744L, -893967252L, 2042606260L, 1132781586L, -678684704L, 
-1143957556L, 88985056L, -1147861470L, 269173032L, -1120429812L, 
-239409604L, -998461198L, 2099852016L, 255099716L, -541449640L, 
1842678330L, 1517469424L, -461769540L, -627583468L, -645416766L, 
1589905504L, -778873476L, 1384469712L, 715611170L, 1856455336L, 
2100225932L, 591212988L, -2087955406L, 115185472L, -1790334796L, 
-758367416L, -1469375814L, -743794928L, 1916633324L, -614509484L, 
452484882L, 1493785504L, -1279213620L, 749255520L, 1611337922L, 
-2139773400L, -1820449364L, 590831420L, 148572018L, -1409361104L, 
1523614244L, 1947277368L, -1998183206L, -1816532592L, -1545861380L, 
-579850348L, -159093950L, 1902240256L, -74843588L, -489193904L, 
191937186L, 1167383368L, 645358092L, -1194906404L, -1901536686L, 
-316651392L, 1825708884L, 1688877544L, 811764474L, 1166505808L, 
-1493435348L, -2027129484L, -265435502L, -295798176L, 1823703692L, 
-1374618784L, 1940349666L, -1941028696L, -1316847412L, -885454340L, 
1702612914L, -673999376L, -1279965756L, -1355587752L, -1519654022L, 
1864357296L, -773858884L, 1374267476L, -1443353662L, -1662942432L, 
79232956L, 2049231440L, 1974844898L, 1308299624L, 1527221580L, 
-2078013188L, -1327832334L, -427174144L, 1893271156L, 2077960200L, 
-2140636742L, 938153936L, -1012131348L, 1142869908L, 788640466L, 
824241760L, -347404980L, 2084934944L, -1548119422L, -1785910808L, 
109217772L, 1208972860L, 569683570L, -516054160L, -965646044L, 
-1105907144L, 1624834458L, 6834640L, 295787964L, -1320114028L, 
444791938L, -114571840L, -1987902660L, 1279472784L, 1768825634L, 
377761288L, 1490234636L, 864720284L, -111829486L, -58832000L, 
89465620L, 1748816168L, -2058654662L, 1601137616L, 671662700L, 
1223277108L, 1799232146L, -716202656L, 337070412L, -166176800L, 
-1612802654L, 2052881832L, 1475159692L, -893665860L, -1939820942L, 
45661168L, -633915836L, -1207994280L, -593831878L, -2051954576L, 
-2009302980L, 709359892L, 1086096066L, 1707642592L, 1913022588L, 
-623718704L, -2079811166L, -75091928L, -1690559732L, 1484804540L, 
72291122L, 256776896L, 1425777716L, 1345050312L, 65107130L, -1966377328L, 
-2082607380L, -490689964L, 2147091090L, 469123360L, -1436735028L, 
1058603744L, 1798166722L, 598832168L, 380696492L, -92699972L, 
1084214258L, 871050800L, 502556580L, -1149604424L, -1307498662L, 
205959312L, -2105859204L, 540266772L, -166180542L, -1410963200L, 
123915708L, -1945958064L, 827648290L, 1914356296L, 1042174914L, 
1211230167L, -1206933471L, 1245683686L, 1045183204L, 491818517L, 
-1107028417L, 290309592L, -269440010L, 1921901571L, 746751813L, 
493065058L, 2063154384L, 498132985L, -383849685L, -743038820L, 
-218464566L, -876550209L, -720207095L, 1681587230L, 440731084L, 
-57143395L, -1460757977L, 1442723920L, -787881746L, -781718117L, 
-1755491331L, -1735577878L, 911276424L, 1081775921L, 187320227L, 
-1041592412L, 2139138642L, 293945767L, 1256027633L, -2036694730L, 
685791700L, 255979365L, 579297135L, 846815656L, 391313158L, 1550922291L, 
-843255659L, 1545638130L, 1617987904L, -159500631L, -1539338469L, 
2085165292L, 1606579450L, 1745501487L, 692873529L, 120314702L, 
-351329892L, 2066217741L, 218631543L, -1403221632L, -1128673314L, 
-563693397L, 1667230637L, 1366380570L, -1962686760L, 1773717313L, 
2018588659L, 1909111316L, 1966613410L, -627794761L, 1462793857L, 
-1681551738L, 912783044L, 667826165L, 1919311455L, 1089779896L, 
-1782825578L, 1519349667L, -1413389467L, -177962366L, -76558352L, 
-1719199335L, 653154187L, 1493557884L, 852357290L, -1094495521L, 
-1259511703L, 1826593406L, 2030396012L, -713318723L, -2043550841L, 
-1370454160L, 1764617742L, 694776635L, -1050071011L, 2130962634L, 
-1589480472L, 1879998673L, 1144233155L, 1086530500L, -1787049870L, 
-1026057913L, 534349073L, -1553481578L, -222394892L, 764090245L, 
-367704369L, -1335897144L, 266994278L, -932586349L, 202044405L, 
1699206610L, -1599429088L, 2049116169L, -1598067397L, -1703845748L, 
-1341534950L, -1295973489L, -816300839L, 1900958574L, -1242070276L, 
-284741523L, -1661641705L, 445292000L, -1164179010L, 1742413707L, 
1026334733L, 1832618042L, 1452419192L, 1935885345L, -1575102765L, 
-1949211148L, 2142537346L, -100981993L, 1246671329L, -2077311194L, 
-620074460L, 1607486677L, -1665909633L, -572804840L, 1304748086L, 
633124547L, 425671429L, 600252066L, 950217872L, -577700807L, 
1263359211L, 614581724L, 1058204682L, 770444031L, -1933483191L, 
